287.864990 157.742004
344.764008 136.113998
165.270004 69.866997
536.190002 227.244003
75.399002 199.091003
205.386993 156.259003
477.617004 264.890015
265.854004 256.005005
379.209991 278.653015
133.393997 187.352997
560.119019 212.847000
441.143005 241.322006
129.326996 172.164001
543.416992 145.822006
77.124001 132.250000
355.596008 144.264008
148.709000 106.928001
101.748001 66.971001
413.777008 165.300995
447.587006 168.046005
130.565994 165.593002
172.541000 80.013000
179.632004 115.154999
421.574005 265.445007
425.917999 161.554993
416.063995 127.543999
525.450989 119.217003
222.667007 173.388000
292.186005 141.080994
392.203003 243.266006
487.596985 69.254997
83.013000 58.655998
491.622986 137.057007
346.350006 275.971985
416.949005 218.399002
409.700012 181.718002
261.760986 164.852005
82.634003 99.610001
377.188995 147.761993
112.136002 52.578999
43.344002 111.564003
403.479004 172.815002
573.106995 105.219002
380.207001 263.605011
229.660995 178.776001
280.802002 254.462997
353.804993 273.171997
280.545013 180.768005
375.878998 54.740002
190.686005 190.386993
120.500000 56.103001
209.352005 163.417999
488.500000 265.126007
139.824997 250.296997
125.515999 66.889999
131.162994 153.615997
152.421997 113.352997
90.179001 59.513000
286.497986 119.891998
360.808990 202.526993
59.235001 198.699005
610.211975 91.652000
514.158020 62.652000
367.002014 246.923004
227.617004 53.507999
411.967010 265.776001
270.329010 67.564003
502.054993 189.419998
380.593994 242.772003
532.521973 94.739998
415.885986 173.024994
128.779999 210.744003
282.015991 147.639008
475.989990 261.699005
117.749001 58.007000
364.356995 258.096985
164.792999 222.785995
294.255005 106.903999
196.888000 253.151001
210.039001 184.587006
127.574997 238.979004
448.147003 259.500000
158.212006 231.869995
507.601013 173.169998
448.954010 90.967003
232.710007 63.462002
519.361023 65.892998
528.041992 81.917999
226.565994 81.936996
579.687988 203.820999
243.584000 86.927002
524.598999 106.443001
373.447998 269.984009
203.171005 171.613998
408.635010 56.735001
132.589005 209.526993
541.122009 194.227997
268.250000 258.028992
224.737000 170.701004
293.885986 129.080002
555.578979 56.710999
98.954002 298.434998
279.372009 241.906006
93.738998 66.542000
170.561005 206.574005
340.440002 256.450989
160.658997 192.026993
521.515015 171.776993
359.087006 220.473007
140.369003 160.033997
80.839996 71.805000
364.493988 106.857002
93.955002 160.550995
211.623993 249.216003
150.615005 111.448997
76.227997 104.349998
491.960999 278.212006
71.263000 70.991997
388.850006 109.540001
559.854004 102.476997
350.035004 273.276001
325.636993 75.377998
70.529999 88.040001
181.018005 255.781006
536.994019 199.406998
537.351990 118.248001
566.265015 243.324005
225.998001 58.887001
131.994003 109.579002
148.737000 205.628006
225.755997 89.615997
385.403992 121.375999
202.037003 201.572998
248.695999 95.651001
384.739990 277.513000
192.199997 121.244003
517.398010 64.556000
533.848022 74.685997
64.861000 252.307999
158.598007 57.681999
436.924988 57.506001
266.431000 140.505997
508.936005 201.334000
335.873993 75.917000
198.397003 142.041000
41.813000 114.748001
492.403992 184.427002
147.776001 109.209999
178.169006 46.879002
402.105011 274.355011
192.919998 253.860992
541.448975 45.504002
414.993988 189.473007
149.610001 86.598000
229.796005 192.630005
433.518005 259.247009
585.364014 165.098007
148.339996 79.197998
383.714996 216.070999
261.308990 273.660004
517.023987 83.140999
157.218994 86.087997
344.662994 92.568001
551.533997 96.283997
515.752991 131.669998
421.915985 163.764008
138.210999 274.200012
339.674988 114.320000
338.617004 104.527000
342.885010 241.033997
351.625000 105.249001
579.200989 117.335999
196.082001 275.015991
195.326004 260.457001
200.072998 110.800003
252.425003 236.306000
213.173996 267.768005
196.358994 111.700996
513.812988 125.782997
402.550995 58.772999
84.143997 130.552002
518.492004 110.981003
163.483002 73.622002
420.622986 132.240005
154.322998 227.483002
357.436005 136.113007
333.000000 70.097000
126.653000 59.805000
198.201996 99.163002
214.541000 212.574005
603.004028 209.501007
497.381989 309.828003
455.415009 108.917999
178.492004 76.200996
261.520996 212.246994
385.562012 203.785004
346.026001 221.528000
281.497009 133.526001
507.045990 70.726997
139.404999 51.455002
519.473999 114.166000
557.432983 210.460999
159.091995 219.197998
332.256989 152.692993
398.183990 214.884003
509.247986 54.042999
320.442993 76.011002
79.334999 86.918999
87.813004 128.117004
421.291992 152.804001
450.817993 266.825012
66.061996 101.872002
413.303986 176.264008
480.705994 113.752998
330.826996 117.176003
350.355011 127.208000
350.231995 178.858002
203.360001 177.686005
436.313995 252.283997
400.101013 190.307007
251.781006 239.649002
94.936996 139.360001
263.739014 158.087006
359.266998 209.529007
32.777000 141.483994
261.911011 257.806000
128.177002 77.605003
163.201004 233.565002
273.054993 262.613007
609.017029 217.621002
288.311005 135.414001
287.924988 206.067993
354.912994 265.627014
383.562988 70.072998
231.604004 259.828003
197.134003 91.411003
397.226990 61.549999
489.429993 65.110001
365.018005 269.721985
498.256012 59.592999
513.268982 144.639008
516.580017 114.839996
213.645004 164.352997
510.186005 194.703003
541.991028 86.694000
144.279007 228.796005
516.106995 86.897003
239.182007 80.820999
348.619995 194.746994
522.892029 193.432999
229.613998 169.270004
527.833008 114.058998
532.689026 140.837997
229.979996 268.652008
71.584000 138.725006
333.338989 62.612999
468.059998 214.119003
194.304993 94.267998
340.843994 75.404999
392.170990 210.078003
321.497009 238.085999
152.056000 148.097000
214.250000 114.716003
251.380997 240.867996
238.492004 69.136002
335.170013 254.369003
554.228027 223.778000
66.473999 174.576004
215.897995 75.504997
195.296997 76.547997
162.574005 178.067001
281.912994 169.358002
335.578003 55.903000
503.446991 49.679001
153.746994 127.207001
280.056000 188.533997
391.199005 274.807007
191.871002 127.220001
311.242004 50.054001
571.054993 81.027000
290.983002 64.510002
83.364998 52.159000
546.224976 153.423996
385.294006 212.832001
613.664001 207.528000
156.154007 235.464996
399.671997 215.238998
127.358002 111.865997
72.172997 213.645996
347.407013 71.414001
67.833000 54.889999
148.876007 137.126999
220.837997 214.979004
130.018997 155.285995
196.835007 131.563995
65.720001 76.933998
356.355988 92.555000
527.275024 178.621994
388.029999 159.970993
492.869995 162.337997
154.408005 229.712997
78.622002 182.578003
143.167999 255.682007
432.701996 280.381012
338.838013 48.601002
40.796001 84.656998
223.632996 276.600006
556.705994 220.401001
584.843018 94.446999
206.414993 257.927002
261.158997 156.612000
388.678986 317.806000
409.084991 266.037994
414.661987 191.563004
462.415009 261.612000
84.860001 297.131989
324.950012 55.852001
239.283997 239.162003
368.631012 202.630005
557.458984 107.641998
98.246002 63.852001
348.056000 218.735992
218.893005 84.844002
228.908005 305.756012
293.902008 275.281006
484.591003 82.075996
567.536011 244.779999
481.309998 60.062000
530.658020 212.459000
342.243011 114.098000
488.096008 255.580994
537.573975 55.720001
366.328003 243.194000
479.851990 245.776993
472.164001 61.863998
213.923996 146.112000
539.830017 113.672997
97.589996 54.539001
386.127014 276.048004
140.369003 150.171005
490.815002 49.688000
289.579987 238.091995
223.231995 273.674988
339.480011 155.210999
219.636993 73.987999
198.292999 168.869003
526.981995 115.797997
359.196014 61.699001
531.603027 82.225998
440.274994 255.274994
533.335999 158.322998
241.250000 37.202999
294.536987 177.705002
162.209000 185.835999
533.627014 186.195007
518.223022 66.541000
560.255005 77.237999
401.726990 106.876999
467.614014 150.686996
93.521004 111.457001
567.322998 65.525002
371.072998 223.473999
496.609985 140.373993
403.863007 128.194000
427.143005 259.260010
146.835999 204.186005
559.679993 166.585007
292.901001 236.306000
518.890015 150.270996
551.562012 155.009003
277.893005 122.892998
334.604004 117.152000
375.036987 212.860992
448.033997 247.572006
181.335999 75.705002
186.753006 257.181000
275.398987 152.445999
189.792999 213.298004
287.833008 61.187000
405.860992 216.845993
73.174004 141.703003
522.674011 206.106003
124.926003 173.848007
150.511002 70.718002
276.069000 152.281006
418.873993 204.033997
413.841003 70.891998
514.103027 47.379002
417.128998 79.115997
468.908997 281.829010
192.809006 103.899002
79.334000 191.031998
484.490997 68.714996
313.878998 67.608002
478.460999 78.000000
141.320007 178.481003
508.358002 64.272003
535.208008 196.690994
68.138000 86.779999
344.561005 129.705002
343.138000 86.052002
104.574997 254.669006
138.436996 237.199997
306.845001 79.211998
315.842987 80.567001
287.665009 81.530998
228.459000 165.274994
229.320007 215.843994
408.040009 59.625000
286.580994 107.629997
518.468994 134.227005
124.915001 176.921005
171.940002 132.682999
68.482002 190.889008
63.660000 139.841003
367.723999 246.617004
403.865997 180.229004
215.248993 127.669998
488.554993 61.740002
419.365997 59.696999
353.544006 211.302002
482.661987 145.675003
199.917007 80.935997
523.922974 77.454002
329.117004 71.436996
513.702026 95.480003
159.679993 142.804993
518.664001 193.098007
409.197998 106.444000
548.383972 50.890999
271.608002 260.467987
269.643005 216.582993
292.151001 254.130005
318.402008 298.601013
420.997009 275.247986
412.819000 105.233002
387.799011 110.723999
141.285004 242.108994
204.664993 145.440994
347.553009 141.233994
70.852997 110.663002
550.956970 110.325996
494.898010 133.699997
551.098999 245.164001
535.401978 127.598999
485.483002 72.115997
475.200012 199.011002
350.018005 235.235001
479.058014 261.700012
278.885010 252.811005
258.006012 141.914001
164.576996 202.182007
194.994003 154.593002
520.955017 162.972000
358.734985 270.579987
203.266998 108.672997
195.966995 243.692993
549.351990 80.389999
75.394997 114.612999
419.686005 65.137001
263.786011 272.967987
273.760010 143.164993
235.509003 275.207001
138.718994 242.229004
163.826004 73.726997
535.630005 100.556000
70.821999 104.470001
153.863998 180.423996
15.883000 251.042999
144.352005 270.023987
206.126007 177.466995
261.553986 262.450012
368.953003 243.751007
504.910004 168.143997
208.339005 49.335999
215.925003 63.366001
81.000000 90.343002
196.623993 257.377991
146.250000 206.020004
534.057983 79.390999
336.897003 79.177002
524.143005 49.832001
283.098999 259.554993
564.018982 64.426003
352.411011 105.860001
343.436005 113.397003
158.645004 52.743000
413.160004 160.242996
200.882004 68.308998
421.375000 128.589005
192.649994 118.799004
473.656006 298.773010
104.195000 83.295998
171.824005 266.813995
333.151001 123.162003
572.549988 227.714996
394.243011 49.129002
91.000999 206.373993
494.309998 180.119995
526.541992 201.697998
264.592987 76.352997
395.265015 108.216003
276.498993 198.886002
192.421005 179.610992
467.751007 80.039001
268.250000 205.292007
212.095993 158.434006
229.253998 71.166000
421.036987 101.713997
533.166992 185.014008
193.244003 120.593002
202.994995 152.832993
418.497986 155.639999
612.208008 87.518997
369.298004 63.811001
524.306030 114.746002
542.492004 145.526993
393.000000 221.589996
534.226990 94.486000
169.580994 67.167000
325.579987 107.320000
226.634995 151.184998
200.554993 254.298996
382.852997 52.028999
225.199005 179.009003
362.208008 267.092987
210.022995 153.735001
34.798000 55.013000
67.152000 210.820007
543.603027 146.492996
388.518005 249.417999
535.549988 125.063004
90.358002 134.429001
454.023987 104.246002
66.658997 138.779007
393.756012 185.994995
282.915985 114.943001
229.733002 115.064003
127.383003 133.376999
218.604996 93.106003
244.641998 93.224998
412.299011 59.771000
232.552994 256.759003
346.250000 135.223999
491.432007 73.957001
251.479004 248.237000
463.781006 274.816986
409.794006 260.544006
334.346985 110.282997
550.659973 77.412003
406.766998 114.141998
543.536011 103.255997
481.040985 59.125000
514.575012 62.546001
498.876007 161.296997
458.996002 274.794006
203.199005 252.233002
422.730988 273.544006
471.071014 87.120003
332.407990 69.694000
340.174011 101.435997
208.419998 81.084999
284.890015 222.735992
48.801998 151.936005
335.821014 107.763000
526.432007 120.228996
87.813004 214.147003
410.665985 277.752014
555.442017 110.018997
188.449997 239.772995
72.443001 275.600006
369.574005 170.600006
278.977997 46.159000
344.778015 260.088989
491.881989 177.149994
192.057999 112.448997
393.174011 93.644997
344.562988 242.434998
97.242996 51.785999
548.906006 87.250000
257.123993 247.822998
490.446991 165.854004
561.601990 90.638000
227.205994 104.697998
338.934998 98.269997
273.446991 243.298996
378.082001 39.324001
399.721008 263.822998
60.074001 118.064003
297.635986 66.303001
277.980011 247.248993
208.567001 86.554001
504.032013 180.475006
420.571991 276.726990
493.692993 65.690002
258.220001 141.436996
163.729996 150.606995
344.411011 117.505997
368.454010 216.248001
139.567001 167.878006
451.957001 257.710999
424.378998 53.025002
497.675995 153.311996
491.787994 67.407997
217.067993 97.223999
358.789001 199.488007
510.433014 134.337006
566.677002 245.076996
129.895996 163.440002
349.671997 96.133003
416.324005 269.101013
88.765999 68.725998
531.169006 202.858002
73.483002 107.554001
460.203003 244.651001
574.534973 204.815994
198.311996 158.886002
118.551003 39.520000
89.467003 247.345001
353.181000 102.624001
552.822998 80.277000
547.754028 66.064003
542.622986 159.645996
183.932007 53.356998
228.654999 188.003006
151.501999 254.574005
513.838989 201.315002
200.929001 202.481003
352.251007 91.230003
403.580994 72.132004
465.851990 71.704002
518.174988 161.201996
419.421997 147.348007
510.316010 202.548004
212.667999 207.091003
353.322998 189.925995
470.063995 192.546997
503.598999 199.880005
347.506989 249.276001
133.556000 68.637001
380.898010 64.845001
163.048004 70.641998
141.766998 54.000000
338.761993 278.298004
397.731995 253.509003
518.283997 152.488007
137.432999 126.930000
519.276978 124.668999
164.119003 106.125000
513.460022 195.240005
491.352997 156.688995
284.231995 267.368011
337.368988 94.787003
305.575012 58.490002
347.970001 47.127998
197.113998 126.466003
191.714005 143.729996
263.602997 113.633003
335.121002 75.098999
369.328003 48.257000
571.409973 105.976997
338.454987 62.514000
396.687988 170.222000
550.544006 121.577003
76.814003 138.438004
268.557007 191.348999
335.018005 114.391998
357.403992 241.261002
345.842010 153.085999
371.945007 250.852005
409.088013 279.720001
162.335999 67.232002
131.953003 274.596985
185.432007 247.306000
524.388977 89.499001
309.343994 76.181999
411.351990 198.410995
441.348999 268.003998
132.768005 78.337997
355.166992 217.022003
284.824005 129.735001
175.074997 141.787003
154.725006 77.754997
350.074005 119.832001
415.609009 101.439003
367.033997 116.827003
202.772995 194.839005
152.621002 243.455002
408.184998 278.368011
153.244003 229.697998
324.813995 141.093994
86.981003 59.352001
201.794998 126.773003
198.089005 269.562012
208.979004 80.643997
520.909973 163.570007
552.031006 210.136993
283.377991 263.811005
154.569000 251.462997
405.579987 260.385010
497.735992 144.300003
68.557999 150.291000
159.520996 152.108994
558.732971 136.270004
206.042007 116.910004
551.557007 125.626999
522.028015 93.260002
293.326996 191.020004
262.397003 233.156006
220.509995 145.356003
634.796997 215.830994
384.933990 167.447006
66.133003 165.518005
290.571014 55.097000
597.971008 126.584000
355.546997 87.265999
62.640999 57.459999
382.325989 69.978996
404.001007 263.140991
167.442001 260.183990
283.065002 211.686996
365.084991 45.797001
147.503006 84.918999
561.067993 164.809998
346.041992 47.923000
243.977005 249.714996
195.669998 78.660004
354.686005 146.419998
414.544006 116.794998
493.729004 277.377991
90.556000 77.992996
169.487000 259.277008
421.174011 125.959000
422.720001 256.796997
279.803986 165.302994
262.125000 118.587997
336.821991 83.575996
176.296997 79.642998
293.078003 252.274994
197.453995 251.470001
416.889008 241.565994
381.855988 130.544998
239.511993 258.027008
60.752998 133.408005
289.388000 59.500000
570.473999 85.894997
77.685997 150.233994
181.067001 107.249001
423.835999 194.942993
142.024994 265.240997
156.688995 127.452003
437.303009 260.963989
38.000999 82.081001
80.481003 54.909000
520.625000 190.014008
380.299988 71.555000
382.536011 127.505997
320.925995 66.527000
588.755981 299.743011
361.096008 208.904999
124.814003 212.352005
506.717010 54.993000
333.782990 151.328995
261.016998 239.373993
350.669006 103.680000
160.367996 150.587997
414.187988 260.122986
422.476990 108.890999
200.867996 215.429001
408.358002 69.888000
88.597000 182.389999
278.204010 233.042999
557.109985 123.524002
561.020996 247.128006
539.416016 237.404007
161.852005 180.602005
490.423004 58.376999
614.026001 82.133003
563.463013 119.510002
159.031998 206.186996
61.988998 161.449997
489.079010 240.171997
417.154999 138.975006
405.113007 150.770996
379.181000 72.464996
90.939003 185.871994
547.414001 24.805000
350.950012 249.858002
526.804993 77.492996
459.304993 264.795013
350.088989 65.139999
330.687988 105.209000
417.367004 122.580002
473.265991 23.833000
65.589996 168.882004
538.560974 278.826996
132.300995 229.334000
518.135986 210.546997
629.400024 274.825989
382.526001 279.903015
161.977005 176.501007
284.217010 57.741001
570.434021 239.876999
180.546005 243.712006
449.207001 264.497009
171.455002 253.645996
150.192993 84.521004
158.981003 231.528000
447.838013 91.167000
251.518005 243.097000
190.686005 95.709000
220.356003 181.908005
379.682007 191.876007
522.375977 198.932999
126.044998 153.481995
200.108002 89.643997
562.664978 121.149002
211.542007 250.908997
279.118988 258.502991
467.407990 76.038002
130.181000 211.559006
515.776001 295.895996
549.140991 121.127998
540.771973 276.734009
195.919998 114.147003
394.701996 57.483002
161.865005 52.397999
538.710022 73.494003
162.130997 239.095001
346.501007 192.923996
163.940002 270.619995
267.308990 57.077000
565.395020 94.417000
236.953003 270.920013
42.125999 106.361000
440.648010 258.854004
466.664001 69.245003
155.453003 53.529999
412.533997 164.457001
330.463989 94.121002
364.738007 113.185997
277.062012 71.202003
59.541000 123.069000
329.877014 142.429993
560.362000 79.742996
385.195007 277.122986
83.900002 84.683998
212.401001 85.032997
368.609009 205.037003
460.959015 249.854004
216.445007 200.932999
500.760986 113.152000
142.873001 137.845001
543.393005 141.820999
288.217987 176.098007
565.427979 233.729004
392.003998 120.918999
532.539978 200.356995
121.498001 63.084999
185.763000 52.173000
77.267998 207.354996
555.106995 247.964996
536.426025 165.994995
227.220993 55.523998
149.222000 181.964005
574.432983 195.270996
78.148003 200.054001
105.043999 285.438995
265.119995 45.964001
538.611023 207.710007
292.045990 262.447998
330.516998 172.787994
59.627998 78.050003
350.647003 143.445007
519.653015 176.503006
284.582001 212.457993
221.703003 153.011002
76.922997 209.537003
351.290009 239.399002
339.214996 276.337006
403.403015 52.613998
431.484009 243.117004
72.857002 174.218002
77.896004 104.697998
386.821014 72.213997
396.162994 53.271000
524.171997 190.052994
274.803986 267.990997
411.132996 216.878006
193.298004 215.619995
141.018997 218.251999
580.151978 226.666000
467.761993 77.457001
276.822998 193.393005
269.665009 211.432999
162.380005 256.016998
540.422974 224.272995
410.066986 311.608002
527.760010 108.139000
157.328995 152.061996
482.946014 155.750000
386.052002 215.863998
502.063995 149.160004
195.630005 74.384003
309.709991 67.441002
60.155998 147.604004
271.109009 274.545990
393.201996 142.026001
39.838001 78.626999
459.550995 146.753998
219.356995 194.393005
503.699005 169.276001
348.527008 79.365997
316.996002 56.977001
370.578003 252.636002
509.561005 307.177002
471.800995 186.662003
66.033997 156.192001
397.562988 70.004997
335.888000 127.084999
236.619995 73.643997
70.325996 46.191002
153.591003 276.002991
130.477997 70.600998
448.782990 85.706001
227.237000 141.595993
294.510010 168.042999
488.390015 154.238998
522.528015 69.262001
160.287994 152.151993
400.739990 145.029007
287.256989 129.949005
308.733002 49.824001
379.566986 281.993011
210.899994 204.916000
360.380005 194.438995
192.929993 250.003006
142.233994 138.942993
131.807007 58.868999
257.066986 239.322998
228.447998 236.037003
556.848999 84.182999
376.531006 156.798996
293.401001 243.996002
382.709991 190.845993
416.949005 211.429001
345.674011 94.985001
256.024994 271.356995
411.596008 120.010002
229.619003 86.052002
195.860992 196.893005
449.716003 254.235001
149.949997 121.964996
422.544006 78.533997
352.970001 149.350006
555.864014 59.826000
273.973999 119.042000
467.751007 258.059998
534.940002 162.445999
345.684998 183.287994
202.837006 273.734985
358.743011 109.940002
549.926025 192.421005
349.113007 66.130997
260.373993 243.899002
361.656006 270.437988
76.302002 176.322998
360.313995 152.854004
556.536011 24.893999
289.141998 168.688995
281.880005 129.973999
548.268982 222.419006
331.145996 277.587006
400.252991 74.403999
342.971008 149.126007
213.195007 98.483002
403.945007 192.507996
224.546997 203.927994
360.536987 72.241997
215.238998 54.311001
79.939003 294.256012
477.799011 211.695999
182.835999 99.320000
300.018005 290.811005
203.908005 86.183998
72.195999 101.547997
141.750000 84.019997
526.939026 212.011002
134.091995 209.916000
265.192993 181.287003
164.311996 64.402000
152.800995 212.061005
385.604004 168.998993
282.799988 61.320999
372.842987 243.330994
601.387024 113.217003
146.421997 266.511993
499.345001 184.809998
421.460999 241.141006
391.395996 177.268997
350.535004 206.098007
219.837006 173.990997
486.388000 55.751999
261.562012 125.634003
314.571991 65.468002
202.052994 144.475006
516.869995 185.158005
560.015991 255.307999
411.065002 147.910004
215.507996 146.714996
62.442001 202.751007
128.731995 76.736000
174.235992 69.487999
567.150024 102.166000
68.392998 38.942001
291.768005 49.365002
539.065979 76.100998
537.046021 63.373001
252.968002 107.222000
391.092987 256.294006
139.584000 238.764999
631.237000 268.451996
171.037994 55.993000
185.410004 46.310001
144.658997 68.089996
470.147003 177.042007
332.199005 127.916000
519.606018 107.330002
158.990997 276.893005
360.638000 215.561996
282.106995 274.122009
215.729004 210.022995
564.299988 80.214996
465.075012 249.990997
291.459015 46.542999
532.002991 56.504002
359.238007 250.725006
509.600006 75.222000
265.734009 152.600998
160.128006 152.656006
525.130005 90.823997
184.755005 51.654999
58.414001 222.539993
408.890015 152.257996
417.036987 133.716003
334.816010 64.095001
121.489998 262.309998
401.042999 176.983994
264.488007 264.872986
546.586975 172.128998
219.531998 263.417999
370.214996 207.028000
476.372009 249.701004
522.973022 219.106003
68.164001 119.945999
366.334015 43.216999
531.393982 71.170998
192.112000 121.497002
95.623001 71.558998
495.218994 76.434998
161.457001 157.320007
56.056000 314.141998
515.478027 154.843002
147.658005 141.464005
354.114014 119.324997
526.734985 49.695000
382.276001 263.369995
287.078003 141.289993
328.282013 291.979004
354.641998 95.342003
90.384003 48.824001
165.748993 67.991997
410.087006 163.792999
381.617004 281.970001
73.257004 150.362000
346.578003 241.311996
275.497009 148.847000
566.950989 122.278999
157.848007 274.704010
550.473999 47.638000
137.671005 155.503998
85.102997 213.378998
94.765999 142.487000
356.554993 149.386993
363.985992 113.258003
64.310997 188.507996
207.436996 191.764999
422.776001 42.606998
559.854980 180.837997
287.604004 144.809006
164.529999 262.334015
423.011993 133.024002
461.127991 258.614014
150.820999 56.266998
272.660004 258.438995
544.296021 170.770004
460.101990 250.567001
224.076004 146.425003
225.345001 81.863998
494.813995 183.138000
219.296005 74.829002
70.764999 137.442993
540.640991 80.210999
462.121002 69.483002
174.095001 122.499001
413.937988 46.015999
335.910004 261.548004
393.802002 158.865005
358.608002 118.666000
459.078003 252.070999
159.681000 70.724998
295.339996 45.174999
524.661987 110.091003
485.075012 58.029999
557.078003 124.986000
515.241028 85.004997
173.634995 259.595001
408.385010 287.682007
65.213997 81.727997
210.679993 276.532990
135.488998 34.731998
415.096008 246.511002
530.866028 108.428001
444.721985 151.934998
215.792999 130.076004
199.468002 124.832001
217.375000 141.791000
359.808990 202.393997
87.375999 190.218002
544.005981 88.240997
167.326004 237.794998
396.195007 128.190002
386.936005 228.511993
173.197998 237.117004
161.843002 217.552002
523.062988 70.250999
265.029999 197.156998
373.959991 157.985001
168.059998 196.927994
251.466995 245.731003
124.369003 73.347000
620.984985 65.105003
77.754997 169.944000
345.649994 68.543999
411.639008 187.636993
315.821991 60.035000
552.869019 159.723999
129.744995 119.375000
423.764008 50.272999
77.464996 77.285004
335.281006 96.124001
565.637024 66.541000
363.792999 275.835999
271.330994 255.434998
373.704987 268.423004
327.640991 110.168999
345.565002 76.931999
214.363007 55.436001
336.808014 126.992996
400.824005 60.181000
578.568970 218.903000
501.009003 84.748001
393.566986 259.906006
282.166992 166.682007
214.037003 182.205994
71.391998 117.347000
343.381012 65.723000
370.272003 176.632004
224.179001 205.813004
70.379997 198.662003
467.243988 246.080994
445.971008 272.470001
62.763000 85.420998
486.598999 59.573002
36.340000 52.465000
360.317993 255.214996
513.995972 84.401001
409.101013 49.183998
142.570007 175.968002
484.576996 261.309998
405.841003 262.976990
177.130005 74.502998
405.712006 249.070007
301.826996 81.122002
422.665985 106.292999
254.951996 241.602005
633.526978 62.272999
400.312012 44.348000
461.095001 75.398003
292.648987 234.214005
205.709000 73.686996
150.091995 245.942001
107.176003 31.900000
140.151993 274.218994
537.187012 87.889000
315.194000 41.806000
335.123993 259.850006
142.388000 178.492996
292.049011 42.043999
560.406982 231.531006
603.773010 114.408997
197.988998 46.806999
436.529999 260.987000
522.568970 143.386993
67.021004 115.850998
438.694000 64.443001
150.806000 61.886002
152.468002 268.424988
546.090027 110.080002
89.097000 160.876007
614.304016 112.684998
560.887024 86.239998
360.717987 69.494003
536.314026 282.252014
418.989014 131.311996
214.085007 98.125999
349.541992 207.535004
297.972992 53.743999
333.121002 286.282013
538.627014 91.848000
407.053009 174.919006
270.274994 49.888000
483.015015 59.456001
393.444000 62.903999
510.761993 303.190002
506.218994 120.822998
197.822998 129.503998
210.179993 79.407997
393.549011 252.063995
129.748001 55.966000
30.474001 184.623001
201.750000 101.764999
390.092987 81.196999
227.843002 190.304001
325.593994 160.697998
388.390015 152.098999
250.998993 253.179993
501.244995 172.938995
489.246002 72.025002
359.183990 216.362000
563.043030 139.074005
67.644997 175.544006
199.862000 46.925999
106.958000 287.666992
346.843994 263.665985
178.128998 272.471985
233.947006 59.785000
454.752014 109.861000
88.612999 195.647003
369.670990 70.341003
564.898987 147.729996
536.205017 144.968994
578.476013 180.248993
133.087006 269.627014
411.845001 208.459000
214.843002 172.462997
468.714996 60.313000
164.729004 109.627998
237.149002 254.223007
61.948002 140.210999
150.029007 177.636993
141.199997 75.075996
364.919006 205.233002
338.156006 127.797997
213.841995 266.118988
531.091980 184.651001
352.725006 44.643002
263.298004 195.164001
563.585999 224.227005
123.206001 66.339996
131.190002 178.658997
571.429016 105.975998
62.035999 153.669998
380.878998 146.440994
357.355011 274.080994
413.066010 274.949005
67.720001 196.779007
260.101990 164.856003
200.511993 247.889008
350.575012 250.404007
411.519989 51.034000
336.967987 153.947006
141.156006 77.473000
545.729980 151.968994
208.145996 144.434998
392.273987 132.283005
220.302002 270.792999
217.658005 237.912003
531.564026 212.889008
134.925995 200.520996
196.257996 49.951000
499.710999 174.298996
206.639999 176.977997
121.736000 54.654999
200.242996 112.557999
228.283005 93.269997
404.036011 147.740997
384.186005 215.867004
352.515015 80.744003
412.602997 200.645004
538.719971 102.597000
427.074005 256.932007
289.295013 140.100006
289.748993 264.308014
544.216980 226.625000
443.480988 264.273987
578.408997 184.699005
361.394989 206.953003
494.778015 84.195999
160.115005 119.055000
413.436005 220.873993
171.154999 229.751999
547.130005 221.996002
547.692993 210.080002
397.023010 131.490997
70.012001 200.059006
534.177979 85.632004
398.558014 76.112000
537.294983 285.394989
347.411987 128.750000
235.026993 265.286987
333.786011 100.688004
464.528992 61.612999
103.459000 55.714001
470.778015 64.514999
164.190002 156.119003
143.205994 177.207993
355.238007 83.797997
70.948997 269.894012
153.595993 44.308998
54.159000 195.662003
516.031006 212.134003
521.395996 100.446999
78.402000 137.251007
569.914978 119.459999
80.239998 190.716995
466.765991 243.776993
79.976997 118.987999
276.997986 134.233994
377.244995 279.845001
355.250000 113.212997
525.822021 140.128006
291.309998 81.568001
308.282990 57.516998
542.497009 89.918999
261.394012 258.901001
132.669998 136.042007
189.815994 216.485992
68.972000 133.171997
564.638000 219.406998
383.998993 64.166000
580.085999 229.074997
550.226990 150.597000
251.524002 256.282990
227.294006 113.752998
191.427002 96.910004
67.563004 157.319000
218.222000 125.272003
548.229004 50.446999
152.819000 163.365005
59.419998 86.442001
388.354004 264.515015
363.854004 47.603001
562.523987 193.350998
152.315994 183.401001
206.369995 207.720001
556.338013 149.888000
423.613007 62.821999
632.091980 180.981003
516.536987 57.009998
72.527000 115.302002
374.984009 267.307007
391.834991 172.057007
508.886993 132.992996
275.631012 220.335007
396.809998 195.477997
183.880005 240.080002
125.755997 254.658997
142.679993 230.526001
364.239014 219.026993
542.992981 33.987000
102.467003 52.898998
601.921021 244.567993
129.962997 112.317001
356.980011 89.637001
213.802994 77.584999
88.820999 174.057999
93.832001 103.416000
453.949005 276.765015
105.746002 61.153999
626.038025 206.339005
537.031006 175.539993
224.072998 85.531998
277.375000 258.015015
224.425995 253.492996
336.550995 56.681000
286.735992 138.550995
209.944000 59.977001
336.160004 254.197006
348.652008 213.964996
156.884003 159.300995
443.563995 245.914001
392.770996 192.871994
521.999023 159.490005
147.408005 79.473000
174.334000 271.022003
436.391998 56.905998
473.437988 177.714005
368.761993 215.403000
68.924004 199.973007
616.885010 65.213997
365.632996 281.985992
75.124001 87.249001
373.837006 75.223000
607.770996 198.712006
155.835007 80.538002
123.878998 255.054993
405.024994 159.343002
387.691986 116.278999
277.441986 66.188004
523.994019 223.429001
140.376007 239.184998
77.507004 47.508999
297.727997 74.712997
555.750000 96.129997
201.291000 160.020996
515.880005 109.574997
354.165009 153.617004
526.538025 216.427002
329.981995 125.617996
329.696014 245.229996
133.330002 227.345001
377.869995 43.529999
484.434998 274.097992
284.169006 163.320999
128.167007 259.325012
267.492004 168.735001
389.377991 254.449005
110.569000 52.703999
126.530998 68.292999
180.100006 247.037994
84.639999 49.794998
534.486023 184.897995
539.895996 51.644001
60.869999 132.197006
476.062988 60.389000
516.671997 186.322006
249.470993 266.730011
157.917999 134.811005
540.669006 57.747002
509.653015 82.043999
36.900002 76.517998
232.393997 234.292007
60.439999 95.625999
605.153992 169.779007
457.735992 248.897995
387.505005 256.652008
274.205994 119.462997
370.632996 263.125000
76.144997 176.216003
574.846008 99.799004
570.880981 207.606003
83.622002 70.676003
593.757996 60.890999
226.897003 152.169006
367.437012 249.639008
360.229004 133.093002
548.489990 154.630005
475.885986 209.386993
93.172997 154.779007
549.559998 160.891006
72.179001 179.548004
79.945999 80.141998
559.327026 112.125999
509.140991 78.737000
463.820007 242.419998
455.807007 272.334991
172.505005 60.905998
129.811996 46.426998
328.691010 92.542000
475.256012 309.191010
142.399994 212.910004
229.912994 238.348007
446.498993 259.148987
379.455994 43.882000
530.539978 116.851997
472.128998 190.223007
375.958008 259.561005
312.492004 74.274002
272.628998 144.947998
134.751007 265.285004
338.101990 265.843994
363.963013 252.304001
129.968994 150.449997
400.821014 202.908997
190.774002 213.371002
596.799988 257.730988
484.372009 186.173004
224.807007 48.505001
409.765015 213.690002
213.733002 193.061005
538.736023 69.869003
553.666016 117.612000
363.031006 198.401993
332.352997 156.880997
14.642000 244.416000
203.218994 273.104004
362.348999 220.042007
472.407990 245.979004
370.782990 50.820999
250.184006 242.585999
261.425995 138.283005
525.328979 47.881001
392.757996 196.024002
346.442993 160.703003
528.065002 219.007996
427.402008 271.524994
530.434998 223.313004
191.311996 179.143005
190.845993 136.141006
78.030998 296.123993
134.298004 161.147995
37.105000 98.352997
68.786003 216.138000
73.278999 281.411987
408.957001 131.408997
275.737000 145.619995
619.010010 68.142998
105.704002 62.187000
205.554001 83.360001
331.545013 122.625999
224.399994 97.100998
263.453003 262.302002
566.335022 198.975006
92.620003 162.421005
610.692993 102.775002
137.209000 146.764999
219.947006 177.425995
440.270996 64.010002
150.248001 62.258999
266.778992 123.153000
211.625000 130.947998
485.730988 82.199997
539.752991 205.753006
163.408997 80.190002
496.549011 285.235992
416.265015 54.431999
527.031006 180.171997
198.740997 121.167999
53.313000 190.828995
326.859009 52.646999
75.681000 188.903000
211.171005 157.660004
396.037994 22.910999
421.328003 142.871994
604.979004 57.523998
192.397995 53.455002
507.433014 79.363998
88.594002 187.263000
532.479980 169.589005
572.427979 104.675003
275.115997 129.186996
180.565994 51.477001
358.787994 246.975998
66.542000 170.503006
392.862000 243.278000
170.117004 59.977001
138.048004 253.815002
200.395004 161.091995
552.218994 152.345993
490.020996 150.811996
205.729004 83.810997
150.848999 168.087006
354.912994 197.582993
527.642029 169.251999
480.395996 226.634003
412.696991 209.759995
425.135010 262.347992
372.468994 217.938995
232.518997 241.802002
518.112976 69.364998
343.665009 72.755997
371.653992 252.378998
176.304993 57.285999
29.000000 202.436005
424.540009 68.162003
510.770996 117.017998
85.982002 56.124001
207.873993 158.126007
400.088013 276.674011
40.215000 268.131989
138.968994 274.333008
204.628006 261.007996
401.492004 255.113998
273.953003 155.031006
366.696014 254.557999
154.056000 187.434998
478.779999 277.852997
475.609985 72.702003
216.764999 309.266998
210.005997 159.490997
397.699005 208.774002
315.230988 48.380001
512.482971 127.595001
369.984985 246.240005
217.660004 161.205994
133.162003 117.936996
210.878006 245.869003
102.488998 57.258999
278.691010 233.130005
169.643997 76.500000
424.391998 67.070999
383.898987 279.739990
208.830002 211.136002
252.830994 117.169998
286.579010 259.434998
533.763977 196.348007
211.177002 249.889999
183.852005 262.002014
425.472992 259.683014
294.600006 209.936005
291.411011 224.641998
382.552002 60.647999
284.960999 163.860001
565.041016 86.292999
534.166016 74.177002
60.419998 128.559998
236.479004 263.812988
129.776993 78.546997
528.354980 86.419998
533.206970 75.655998
341.151001 110.122002
389.829987 247.710007
196.063995 257.618988
413.756012 41.952999
475.276001 82.998001
166.664993 53.904999
180.242996 110.156998
202.725998 76.098999
277.766998 134.291000
525.755005 47.185001
74.056999 206.634003
134.751999 254.244003
364.338013 60.395000
364.906006 246.526993
172.528000 79.547997
558.541992 227.574997
406.338989 131.964005
419.398010 164.339005
229.660004 241.320007
224.074005 196.811005
533.989014 198.755005
423.665985 44.146999
153.528000 273.096008
62.220001 179.787003
195.285004 138.009995
516.598022 205.419006
290.088013 115.433998
455.234009 266.358002
547.431030 60.409000
230.026993 275.252991
369.566986 52.113998
294.083008 214.869003
227.794998 181.414993
329.584015 134.557999
548.351013 224.707001
292.803986 52.912998
40.379002 84.484001
287.654999 252.906998
424.884003 188.787003
510.131989 48.549000
139.714005 180.932007
132.820007 252.248001
231.009995 268.598999
512.169006 83.240997
130.352005 210.117004
525.343018 60.247002
338.912994 152.266998
88.350998 117.625999
67.676003 109.091003
134.317993 72.891998
383.867004 263.553986
154.949005 180.149002
138.587997 314.621002
196.524002 245.337006
546.635010 128.923996
51.452000 181.835999
145.151993 210.925003
262.131989 231.003006
553.947021 171.589005
356.704010 60.080002
274.126007 194.112000
324.351990 65.359001
135.123993 85.267998
114.475998 58.754002
401.144989 123.374001
129.623001 252.024994
401.515015 105.445999
315.700012 64.931999
399.833008 56.265999
430.449005 271.929993
213.766998 216.972000
85.071999 140.740997
265.600006 56.134998
225.076996 76.208000
536.698975 80.467003
209.134003 264.713989
84.642998 134.714996
294.850006 203.953995
40.009998 95.398003
292.316010 262.213989
261.252991 262.493011
360.924988 79.333000
185.432999 84.163002
132.710007 139.539993
490.746002 64.726997
60.849998 87.746002
385.917999 201.927994
261.178986 118.630997
196.294998 57.769001
274.447998 173.380997
369.752991 197.042007
135.289001 245.548996
548.434998 68.852997
326.631989 82.224998
536.911011 148.080002
179.108002 78.057999
542.710999 47.484001
472.502014 202.294006
151.345993 259.385986
566.976990 82.849998
286.233002 152.218994
229.962006 157.175003
587.343994 158.966995
578.270020 241.343994
369.837006 268.864990
207.376999 58.710999
403.634003 173.735992
362.100006 242.807999
532.171021 197.451996
90.080002 182.037003
559.732971 142.225998
215.688004 307.714996
403.141998 207.085999
422.802002 168.197998
559.797974 85.278000
610.932983 21.381001
262.397003 171.578003
404.178986 79.147003
374.151001 81.897003
363.701996 176.033997
118.487000 83.669998
85.763000 114.167000
521.572998 117.875000
105.714996 289.947998
346.602997 140.703003
228.779007 171.218002
145.300003 128.238998
324.274994 301.816986
123.747002 52.488998
384.542999 129.212006
205.740997 59.395000
486.203003 50.916000
556.760986 76.738998
329.592987 91.275002
179.375000 71.908997
354.817993 262.605011
93.490997 299.006989
510.161011 304.996002
144.048004 267.343994
472.442993 270.937012
129.901001 107.500000
184.115005 260.174011
123.897003 81.710999
531.880981 176.393005
536.377991 25.631001
508.733002 112.595001
391.572998 158.248993
526.765991 157.602997
135.210999 115.692001
368.170990 280.502991
396.028992 279.372986
277.076996 236.389008
212.003998 203.065994
191.522003 48.450001
55.472000 198.682999
266.851013 168.518005
189.130997 144.108994
418.381012 250.548004
262.046997 271.973999
127.601997 176.750000
563.424988 74.855003
187.240005 64.731003
433.022003 271.266998
340.833008 126.497002
279.092010 186.843994
352.391998 276.674988
514.965027 64.140999
503.441010 137.580002
130.970993 175.328995
130.925003 240.951004
154.113007 77.578003
290.700989 77.206001
59.931999 128.117996
80.459999 170.714996
219.729996 152.406998
86.953003 122.598000
79.898003 94.376999
89.713997 170.401993
219.716003 259.855988
292.658997 203.098007
549.349976 225.529999
251.414001 110.525002
171.419998 68.211998
335.487000 248.348007
271.923004 223.108002
142.501999 256.078003
170.151001 254.160004
277.582001 58.417999
431.838989 29.768000
226.281998 197.662994
76.146004 69.783997
483.109009 67.778000
485.901001 146.473999
154.552002 139.145996
583.039001 163.720993
336.503998 44.216999
180.723007 58.063999
221.274002 116.092003
390.858002 215.195007
525.924011 225.533997
129.022003 191.481995
374.161987 62.846001
509.239014 132.591995
173.751999 126.782997
250.929001 100.532997
138.014008 245.565002
394.609985 101.748001
325.824005 135.365005
422.010010 137.792999
91.089996 132.117996
189.419006 93.765999
356.832001 268.908997
181.352005 251.063004
398.394012 50.098000
380.639008 266.953003
299.502014 75.575996
296.963989 56.787998
376.608002 194.037003
251.755997 249.843994
60.188999 189.382004
327.092010 273.567993
497.574005 150.332001
570.835022 231.154007
65.475998 240.617996
407.928986 177.033005
377.460999 154.949005
85.700996 172.751007
474.264008 247.113007
384.520996 152.830002
227.067993 95.315002
548.353027 237.610992
191.195007 68.492996
289.588989 209.837006
390.981995 201.425003
261.898987 216.151001
148.035004 216.016998
502.152008 46.344002
140.464996 250.397995
341.549011 120.235001
344.153992 256.704010
496.329987 167.899002
365.144012 81.875000
200.901001 190.720993
444.084991 187.214005
147.617004 73.488998
275.382996 115.092003
216.567993 192.712006
487.738007 55.902000
324.839996 112.084999
66.212997 174.082001
214.843002 268.545013
63.345001 131.425995
197.783005 160.561996
446.694000 280.018005
281.985992 63.793999
512.237976 169.522003
207.688004 206.983002
53.250999 298.704987
158.100006 110.815002
151.278000 130.375000
532.244995 95.758003
560.080017 147.026993
399.009003 146.470001
156.574005 221.246002
244.457993 240.602005
116.568001 92.644997
56.362999 197.069000
43.020000 112.661003
192.658005 162.274002
286.190002 186.184006
143.130005 187.416000
125.162003 181.613998
560.366028 146.751999
63.194000 137.966995
242.917007 260.197998
286.020996 262.414001
186.785995 254.677002
537.283997 231.837006
124.252998 85.042999
467.701996 67.276001
144.223007 156.462006
87.382004 151.563995
422.451996 253.423004
170.654999 155.063004
152.774994 65.592003
395.977997 102.707001
316.274994 73.503998
272.877991 233.576996
227.597000 203.865005
516.028992 218.382004
217.684006 214.279999
157.781998 229.651001
559.911987 54.429001
616.554993 241.731003
470.669006 72.280998
135.841003 160.455002
348.100006 269.109009
114.740997 272.839996
64.523003 89.536003
372.394012 207.354996
515.098022 50.917999
224.414993 109.936996
459.247986 253.787003
462.765015 246.669006
114.665001 271.713989
370.272003 51.728001
267.598999 63.216999
418.756989 218.201996
330.007996 69.378998
292.317993 80.850998
562.875000 150.884995
72.666000 165.860992
566.789001 226.671997
346.871002 247.901993
487.269989 153.738998
307.010986 72.725998
513.843994 203.942993
206.082001 103.218002
204.509003 132.229996
414.028015 183.712006
403.311005 104.115997
217.098999 60.588001
104.416000 56.457001
167.026001 249.682007
499.882996 181.587997
81.468002 182.412003
60.027000 51.272999
182.839005 59.820000
547.005005 71.234001
553.835022 49.368000
81.132004 155.988007
522.947021 146.292999
516.106995 194.033005
137.955002 261.915985
240.164001 75.669998
132.824997 191.572998
108.306999 79.009003
398.635010 86.654999
130.585999 63.816002
578.909973 315.826996
154.389999 76.485001
553.835999 65.105003
398.009003 250.375000
91.148003 69.109001
339.687012 104.543999
156.617996 194.934998
211.899002 130.162994
490.503998 68.846001
419.541992 264.558990
238.251999 238.143005
394.520996 167.604996
124.733002 60.070999
298.089996 69.356003
92.290001 62.428001
41.695999 91.656998
411.860992 183.035995
85.691002 121.367996
535.388977 201.723007
550.414978 77.464996
542.890991 199.393005
183.509003 46.438999
543.668030 137.324005
87.179001 165.514008
223.682999 173.451004
544.843994 191.082001
372.821014 64.389000
269.670990 224.182007
509.260010 196.518997
266.048004 246.326004
559.653992 177.755997
553.512024 188.664993
326.845001 139.638000
630.325012 275.967987
53.541000 186.169998
375.246002 183.335999
149.587997 191.126999
127.092003 237.255997
65.709000 189.507004
405.492004 263.514008
403.907990 188.059998
402.835999 144.371002
520.245972 82.225998
90.420998 107.219002
208.858994 181.466995
143.949005 77.546997
149.524994 264.365997
462.549988 274.670013
94.753998 128.871994
148.220993 252.112000
72.376999 154.225006
222.130005 158.505997
445.743988 247.270996
84.070000 89.035004
158.205002 212.160004
202.535004 93.801003
133.716995 261.365997
369.213989 181.162003
514.812012 167.554001
226.518005 50.712002
362.091003 57.035999
335.393005 308.498993
489.565002 261.187012
509.776001 193.283005
125.153999 48.414001
437.877014 63.826000
63.666000 53.617001
513.080994 258.640991
385.657990 126.864998
192.748993 249.283005
488.399994 74.049004
202.490005 101.352997
349.466003 199.998993
574.398987 71.165001
272.622009 61.483002
136.567993 74.849998
474.971985 57.827000
293.226013 183.455002
141.964996 222.863007
450.546997 276.526001
329.477997 128.848999
205.181000 91.172997
541.598999 82.504997
227.830994 201.326996
191.421997 106.767998
139.498001 67.652000
540.000977 232.360001
403.742004 159.177002
101.299004 74.140999
66.487999 260.462006
372.321991 81.042999
180.401993 130.500000
146.522995 208.822006
541.414978 149.531006
488.808990 60.066002
610.017029 99.787003
224.509995 272.662994
272.838013 162.472000
107.570000 81.896004
65.891998 144.804993
306.931000 74.070000
77.198997 129.893005
64.004997 74.084999
190.966003 149.410995
185.326004 82.430000
544.250977 54.291000
413.729004 167.322998
468.888000 64.033997
406.138000 241.041000
348.977997 53.710999
153.311005 263.101990
334.283997 248.197006
126.884003 199.539993
602.382019 115.587997
564.549011 59.949001
263.910004 245.932007
563.531006 233.266998
73.217003 161.134995
343.729004 81.226997
477.980988 76.232002
404.709991 123.801003
124.823997 140.139999
239.985001 266.122986
406.468994 157.009003
566.236023 124.071999
224.457001 212.886993
325.806000 54.272999
359.121002 181.373993
115.988998 228.895004
368.796997 53.674999
204.753998 256.463013
209.904007 252.126007
513.648987 148.796005
287.743988 268.131989
495.459991 65.116997
381.092987 60.991001
497.304993 146.718002
415.290009 57.077999
386.683990 170.643997
283.283997 177.791000
398.630005 291.039001
158.488007 69.253998
139.750000 131.434998
285.066010 123.018997
65.210999 107.617996
421.196014 111.110001
537.502991 52.882000
105.767998 82.564003
517.362976 121.011002
94.797997 212.470001
154.863998 194.591995
265.204010 257.223999
140.906998 131.960007
357.877991 261.966003
385.885986 157.440994
458.596008 178.300995
512.111023 203.710007
144.677994 81.825996
508.825989 158.867996
359.647003 87.266998
212.119995 193.925995
356.005005 57.119999
92.446999 49.636002
385.713013 180.477005
372.889008 262.692993
168.860992 247.679001
138.626999 70.791000
328.199005 102.240997
14.953000 27.736000
174.505997 274.869995
37.894001 59.237999
520.668030 136.209000
415.255005 218.483994
135.608002 229.320007
225.373993 161.024002
261.878998 144.123001
40.646000 104.183998
216.078003 68.013000
149.751007 82.042000
556.835022 97.425003
350.240997 50.187000
79.419998 125.943001
357.036011 63.929001
559.625000 113.281998
137.714005 240.404999
272.531006 207.126007
195.184998 237.882996
504.855988 125.952003
148.800003 73.452003
205.613998 240.884003
402.673004 150.811005
51.430000 171.257004
154.580994 55.419998
514.969971 96.664001
459.992004 262.447998
131.339005 234.057999
399.165009 244.307007
507.484985 177.175995
416.750000 174.350006
409.657990 145.283005
81.119003 122.275002
65.394997 167.498001
518.200012 170.285995
541.591003 122.908997
64.650002 119.554001
560.664978 75.491997
436.558014 63.112999
248.358994 106.612999
76.305000 110.057999
561.406982 163.725006
77.543999 98.268997
538.380005 54.917999
478.463013 68.154999
142.352005 116.903000
76.344002 285.173004
52.960999 192.052994
132.507996 65.182999
303.947998 296.221008
538.656982 79.945000
98.796997 60.493000
614.354004 83.414001
389.644012 137.919006
523.947998 132.779007
201.033997 154.445007
607.629028 303.092010
266.045990 79.449997
545.474976 49.000999
215.925995 105.464996
151.845993 150.123993
66.161003 62.717999
123.704002 173.503006
328.901001 60.952999
192.945007 189.320999
284.971008 199.820007
152.695007 248.332993
515.840027 161.604996
59.084999 118.551003
488.778992 87.293999
98.786003 81.856003
286.114990 198.158005
536.713989 148.311005
161.740997 51.266998
247.636993 271.067993
566.072998 105.578003
132.692001 134.203003
540.450012 93.094002
422.113007 69.758003
242.434998 254.468002
405.746002 198.009995
396.209991 187.160004
210.358994 193.636002
497.846985 283.141998
162.651993 150.514999
342.653992 275.173004
592.755981 140.285004
296.691986 61.263000
191.746994 109.012001
192.785995 107.153999
517.195984 185.876999
535.989014 83.460999
209.393997 275.957001
404.268005 273.096985
205.141998 169.860992
132.498993 55.147999
43.340000 104.359001
468.863007 68.832001
289.553009 260.868988
59.377998 89.077003
397.088989 143.916000
138.891006 209.085999
67.834999 85.137001
261.897003 250.283005
133.007004 107.454002
553.067993 165.024994
475.690002 54.097000
233.296005 240.240005
349.632996 271.319000
342.776001 116.285004
378.123993 193.695007
93.625000 75.191002
491.226013 169.190994
367.546997 253.783997
204.056000 162.710007
290.170990 179.949005
79.670998 172.707993
141.417999 200.078003
549.547974 66.843002
216.985001 156.334000
376.968994 192.815002
440.397003 269.209015
332.105011 42.405998
396.561005 59.679001
477.679993 77.747002
259.678009 241.705002
134.591003 206.703995
244.794998 183.632004
411.231995 159.987000
189.985992 127.399002
465.151001 166.264008
245.776001 262.992004
221.908005 251.557999
533.562988 133.220001
282.882996 231.403000
342.864990 120.480003
128.259003 258.541992
446.362000 277.503998
325.395996 272.572998
240.076004 82.564003
193.483994 205.994995
460.002991 258.898987
124.809998 106.757004
148.151993 62.549999
250.078003 108.529999
350.451996 242.923996
349.380005 93.725998
530.401001 157.863007
68.147003 149.714005
207.268997 78.739998
552.072998 59.223999
349.971985 187.873001
215.869003 205.330994
77.678001 71.556000
362.949005 65.670998
64.765999 119.433998
527.632996 163.992996
531.226990 181.494003
476.872009 241.953003
275.837006 160.692001
355.980011 249.906006
344.546997 200.520996
396.759003 298.911987
219.237000 255.675995
235.455002 242.057007
389.053009 253.548996
339.177002 128.757996
261.925995 187.563004
170.966995 170.612000
139.942993 264.779999
277.450012 132.815002
205.557999 90.522003
198.919998 98.739998
384.606995 125.079002
420.181000 56.455002
381.226013 214.845993
229.712997 58.062000
486.877991 153.639008
111.730003 274.794006
144.910004 153.042007
75.708000 259.269989
531.544006 143.871002
201.070007 185.475998
190.574997 73.641998
574.025024 79.835999
141.893997 81.507004
430.963013 112.462997
572.997009 99.917999
259.794006 231.744995
269.048004 81.028999
546.765015 184.470993
392.101013 142.654999
230.994003 251.839005
207.261993 172.490997
419.222992 187.514999
348.036987 269.639008
561.801025 192.975006
133.524002 263.893005
399.572998 218.360001
115.084999 79.077003
222.710999 84.125000
158.179001 192.776001
264.575012 119.170998
479.428009 244.960007
370.082001 186.598007
138.188995 193.453003
225.397995 97.301003
520.513977 100.547997
429.406006 64.536003
278.776001 112.345001
476.278015 269.011993
313.609985 41.200001
75.488998 47.868000
56.514000 71.654999
210.272003 173.404999
307.126007 74.221001
515.179993 63.080002
292.752014 230.688004
476.329987 61.356998
71.129997 139.533005
370.513000 276.747009
87.170998 51.125000
367.480988 278.423004
141.332001 237.964996
141.563004 125.169998
502.121002 131.156006
529.315979 293.885986
257.194000 238.227997
575.640015 308.028015
368.023010 212.313004
185.671997 289.494995
68.357002 103.528999
159.725006 232.597000
62.018002 77.513000
507.226013 51.043999
206.733994 210.179001
266.882996 157.119995
522.085022 135.692993
568.268005 190.214996
341.782013 87.013000
49.125000 167.975998
460.225006 249.606003
191.617996 60.403000
165.348999 237.453003
151.050003 69.934998
93.553001 299.381989
510.765015 303.545990
514.060974 157.298004
392.372986 99.956001
231.559006 261.507996
394.131989 245.695999
368.571991 46.009998
125.297997 268.576996
480.734009 58.637001
361.605011 62.301998
277.990997 144.886993
146.569000 116.345001
254.436996 265.364014
384.156006 203.039001
516.973999 181.807999
158.919998 62.077000
145.953003 234.419006
271.684998 188.865005
160.806000 111.646004
189.955994 142.934006
337.324005 119.470001
264.984009 77.474998
152.813995 84.672997
35.173000 206.026001
348.695007 267.391998
114.656998 269.050995
516.289001 211.410995
178.895004 65.182999
289.734985 42.824001
361.263000 221.348007
517.689026 183.858002
354.088989 197.016998
135.197998 73.973999
197.970001 136.082993
573.583984 69.052002
324.627014 88.180000
561.206970 88.417999
509.476990 172.087997
405.949005 77.632004
553.437988 136.772995
153.218002 65.586998
384.763000 48.446999
161.505997 161.598999
416.171997 276.424988
239.423004 245.561996
557.656982 104.116997
399.687012 102.122002
291.522003 154.110992
356.921997 47.153999
575.312988 77.572998
102.786003 61.977001
94.130997 183.132996
346.885986 244.031998
289.128998 225.210999
545.669983 56.869999
349.247986 205.080002
565.062988 107.819000
415.075989 120.835999
84.938004 56.082001
274.209991 132.936996
106.480003 79.250999
542.526001 238.584000
344.239014 150.391006
71.789001 49.501999
218.778000 162.828995
229.854996 88.375000
562.294983 147.240997
529.844971 77.046997
216.709000 260.790009
325.493988 273.518005
477.287994 253.373001
61.348000 46.159000
176.108002 52.820000
76.681000 110.650002
57.220001 221.110001
475.860992 246.755997
325.346008 127.890999
448.886993 278.652008
59.393002 152.576996
367.403015 268.613007
81.727997 112.928001
333.537994 125.149002
125.614998 172.792999
139.673004 254.156998
59.487999 190.242004
561.788025 158.419998
285.945007 226.201004
410.785004 251.537994
271.768005 210.419006
147.794998 171.427994
249.753998 255.412994
284.062988 186.606995
264.019012 182.082993
415.345001 63.905998
243.822006 254.983994
94.439003 80.899002
221.612000 276.345001
160.098007 274.289001
173.190994 129.459000
199.929001 156.819000
164.419998 152.695999
540.768982 275.894012
546.695007 37.678001
155.742004 215.809998
408.644012 255.283997
548.226990 119.574997
212.740997 146.121994
131.031006 151.932007
403.941986 87.932999
567.562988 226.748993
256.541992 258.031006
492.251007 78.785004
548.913025 237.371002
158.843994 78.594002
164.750000 61.876999
77.674004 189.675003
278.308990 63.237000
215.169006 276.368011
410.912994 186.738007
515.083984 118.184998
404.765991 273.602997
196.421005 142.606995
291.014008 114.417999
63.730999 186.007996
325.480988 248.177002
367.488007 77.429001
288.424988 156.184998
355.511993 243.802994
563.318970 152.195007
205.389008 276.785004
296.273987 279.286011
93.054001 132.608002
288.664001 208.203003
418.601990 59.185001
374.791992 248.550995
516.929993 116.281998
398.037994 148.779007
537.848022 93.765999
270.803009 240.072998
532.263977 197.468002
249.345001 183.059006
182.425003 79.815002
185.643997 55.724998
253.182999 236.285004
351.018005 95.934998
374.765991 167.072998
358.615997 111.857002
165.244003 47.495998
367.287994 185.893005
566.681030 102.698997
284.217987 176.977005
420.321991 192.401001
393.000000 63.758999
150.819000 273.622009
337.748993 264.549988
67.125999 60.470001
81.209000 135.746994
468.485992 210.714005
409.250000 52.077000
106.376999 287.792999
402.225006 189.345001
46.568001 150.858994
380.479004 136.356003
171.248001 260.845001
440.951996 289.958008
312.933014 66.530998
570.909973 232.455994
497.587006 292.278992
76.382004 205.576996
75.444000 65.825996
116.539001 264.010986
56.846001 200.425003
161.257004 264.882996
354.907990 270.661011
216.436005 158.839996
325.776001 63.491001
409.118011 50.334000
349.393005 113.518997
83.070000 206.888000
513.145020 290.511993
135.024994 48.193001
352.760986 126.170998
64.107002 138.356995
250.580994 250.304993
183.251007 104.947998
289.071014 257.549988
234.742004 258.971008
357.937012 218.688995
357.403015 60.096001
341.269012 242.003998
541.648010 117.356003
346.126007 53.587002
168.173996 57.887001
148.888000 179.518997
363.061005 109.511002
348.657990 186.809998
603.466003 113.476997
598.833984 126.745003
293.675995 111.240997
357.386993 188.248001
167.466003 45.422001
579.310974 193.095993
388.951996 162.210007
476.463989 53.771999
83.207001 194.528000
512.106018 101.989998
194.576996 245.770996
109.424004 126.143997
72.403999 122.556999
68.959999 186.492996
91.515999 144.580994
602.192993 83.353996
305.562012 70.505997
345.316010 45.694000
193.283997 237.798004
89.593002 160.201004
530.517029 126.387001
463.334991 155.826004
527.547974 82.373001
130.091995 184.716995
225.565002 145.128998
342.915985 274.269989
428.832001 246.173996
353.438995 210.427002
322.752014 47.654999
238.001007 86.123001
81.274002 107.463997
401.821014 154.903000
332.164001 106.490997
228.914993 50.952000
445.730011 242.371002
479.932007 183.453003
197.294998 123.153999
294.200012 248.401993
418.875000 219.981003
355.704987 78.015999
485.977997 53.425999
135.666000 197.007004
75.064003 155.130005
50.664001 267.764008
197.339996 243.697998
127.557999 228.048996
132.955002 115.380997
574.203979 217.335999
395.664001 268.230988
308.026001 75.460999
161.141006 214.477997
415.467010 81.540001
75.415001 99.600998
264.878998 140.807999
495.066986 80.394997
563.531982 69.662003
483.178009 260.342987
191.035004 62.959999
84.102997 192.912994
92.510002 186.197998
137.479004 286.319000
482.796997 69.716003
280.558014 261.587006
170.783005 275.830994
140.322998 42.812000
494.596008 66.486000
539.015015 251.828003
211.197998 54.983002
519.507019 153.266006
247.602997 240.240997
553.646973 91.917999
401.617004 165.792999
152.177994 65.137001
468.509003 173.554993
150.699005 198.046005
269.628998 63.764000
342.096008 281.688995
532.250000 107.057999
268.364014 209.822006
96.333000 79.315002
393.460999 249.779007
359.868988 63.972000
122.899002 86.315002
248.994003 104.727997
354.184998 243.593002
493.415985 129.858994
354.809998 268.477997
307.023987 74.165001
292.726990 42.570000
183.028000 240.371002
574.942017 98.345001
537.517029 107.459999
187.526993 265.946991
515.568970 127.961998
156.427994 241.408997
59.987000 75.321999
328.428009 116.181000
200.496002 125.141998
371.786987 70.428001
420.112000 37.323002
224.626007 239.764008
561.789001 194.231995
201.248001 259.066010
402.444000 204.751007
541.862976 224.630005
47.161999 159.798004
153.807007 214.440002
164.108002 79.316002
423.912994 275.292999
569.112976 237.098999
163.255005 250.686996
67.695000 234.688004
419.023010 68.875000
343.856995 109.585999
575.392029 232.628998
286.725006 259.428986
17.674999 118.276001
396.677002 79.278000
450.851990 273.447998
213.638000 44.611000
386.940002 247.117996
276.882996 209.966995
501.800995 200.304993
149.716995 121.924004
538.538025 82.337997
147.602005 185.447006
118.327003 79.621002
117.216003 66.681999
145.481003 219.733994
225.468994 248.240997
559.473999 120.267998
171.628006 254.222000
293.463013 210.904999
235.593002 72.363998
218.335999 246.492996
65.213997 136.389999
402.441010 102.942001
556.939026 114.933998
210.709000 213.570999
268.042999 161.970001
485.657990 247.154999
539.346985 151.352005
330.697998 39.766998
507.358002 101.525002
226.981003 247.996002
295.792999 286.501007
290.295990 193.524002
563.862000 182.869995
515.893005 119.202003
274.645996 162.018005
224.044998 145.468994
389.761993 60.125999
369.660004 279.217987
364.454010 104.084000
329.035004 165.356995
289.881012 207.796997
547.645996 104.762001
421.657990 164.362000
545.895996 55.250000
277.852997 168.395996
540.742981 187.309006
75.583000 121.679001
93.348999 169.279007
398.296997 69.346001
286.726013 209.649002
231.664001 247.901993
81.252998 221.772995
216.136993 147.598999
189.518997 129.897995
566.830994 76.893997
81.800003 167.936005
133.242996 188.268997
524.796997 189.888000
403.045990 47.236000
85.507004 69.598999
385.455994 116.884003
463.238007 251.376007
80.803001 136.143997
536.650024 144.005005
354.822998 93.374001
326.911987 85.896004
404.803986 164.082993
208.272003 59.296001
358.920990 112.474998
363.247009 76.719002
145.449005 86.084000
224.778000 89.051003
479.174011 249.255997
128.009995 80.444000
193.638000 136.675995
344.691010 128.134995
556.150024 59.806000
289.574005 169.994995
558.507996 115.414001
256.075012 266.625000
591.289001 201.917007
124.578003 251.000000
509.635010 154.072998
335.389008 63.301998
160.231995 119.876999
69.919998 205.593994
94.463997 178.276001
163.830994 233.488998
210.701004 149.031006
77.896004 76.125000
415.916992 79.595001
45.514000 133.729004
147.815994 190.445007
548.638977 201.154007
424.144989 119.377998
473.963989 195.098007
521.801025 170.263000
225.315994 209.822006
470.552002 60.491001
519.077026 204.552994
153.181000 225.343002
229.598007 108.906998
273.709991 63.576000
550.705994 92.019997
548.939026 174.542007
481.985992 47.855000
290.984009 54.073002
272.093994 136.746002
483.289001 96.688004
326.789001 42.624001
571.739990 210.658005
147.654999 244.136002
481.244995 257.904999
360.733002 78.139999
293.240997 269.045990
539.820984 105.385002
417.737000 112.638000
189.246994 197.904999
87.218002 302.993988
405.500000 277.574005
560.723999 81.318001
141.735992 70.880997
239.175995 248.029999
502.667999 79.907997
348.128998 193.419006
507.339996 132.199005
411.031006 42.604000
213.324005 204.835007
385.614990 113.893997
235.634995 64.973000
231.393005 185.695007
170.376007 76.823997
300.170013 62.122002
61.707001 155.115997
511.987000 209.628006
492.578003 52.488998
66.542999 54.933998
331.442993 97.036003
520.890991 65.311996
218.419998 124.096001
297.441010 77.755997
499.919006 145.927002
64.568001 77.231003
363.018005 148.740997
468.218994 62.576000
546.585999 81.587997
403.054993 125.363998
199.753006 110.250000
289.985992 48.942001
345.252014 107.285004
180.557007 48.650002
256.729004 131.559006
285.714996 80.957001
553.609985 226.296005
401.434998 123.607002
562.284973 76.529999
374.566986 199.009003
252.671005 274.213013
384.072998 265.339996
184.302994 58.620998
285.144012 204.613998
475.800995 218.061996
323.113007 50.056000
127.424004 178.470993
177.559998 48.241001
195.287994 139.080002
158.070007 206.181000
503.614990 202.149994
286.246002 120.655998
508.835999 96.532997
52.344002 179.776993
216.492996 243.384003
137.906006 204.070999
503.540009 128.119003
467.618011 63.502998
411.382996 44.664001
353.408997 232.867004
60.912998 167.932007
105.109001 72.278999
190.039993 256.613007
333.187012 60.771000
555.664001 141.070007
225.404999 96.488998
135.639008 69.829002
208.203003 175.356995
347.601990 159.960999
204.007004 208.001007
192.311005 78.504997
548.219971 46.028000
157.778000 110.607002
153.679001 148.046005
484.321014 75.917000
471.389008 290.062988
247.397003 91.438004
142.904999 189.852005
440.321014 71.176003
542.658997 228.742004
382.768005 183.459000
67.417000 256.298004
560.197021 84.291000
220.408005 163.304001
547.008972 108.945000
193.850006 91.588997
61.105000 210.044998
403.717010 110.031998
132.516006 80.679001
550.231018 155.651001
94.279999 53.841999
126.945999 187.447006
336.028015 269.075012
130.022995 235.889999
479.972992 212.516998
91.021004 58.551998
156.904999 54.331001
329.756989 112.418999
269.445007 165.867004
507.839996 174.069000
264.260010 268.936005
476.015015 50.673000
281.606995 269.501007
384.860992 173.283005
264.997009 251.085999
70.975998 106.239998
152.582993 233.044006
495.406006 193.425003
547.950989 148.531998
522.846985 113.435997
274.007996 187.033997
219.578995 77.820999
259.119995 148.516998
351.825989 115.703003
126.972000 275.925995
460.101990 244.261993
237.692993 271.497009
413.940002 246.447006
191.794006 46.676998
499.815002 69.160004
504.934998 177.039993
216.414993 267.229004
164.296005 185.686005
157.770004 66.336998
475.470001 54.904999
530.062012 198.289001
449.500000 249.615997
404.695007 80.271004
477.651001 155.697006
368.351013 275.148987
143.535004 198.722000
560.057983 116.694000
325.942993 279.110992
66.928001 119.169998
558.848999 104.745003
481.200012 178.899002
273.027008 162.528000
280.204987 168.343002
397.721985 196.042999
90.598000 90.808998
134.229004 166.647003
110.097000 60.891998
198.522995 104.621002
92.030998 88.047997
222.710999 146.322998
506.897003 114.053001
517.392029 111.627998
388.928009 42.005001
291.393005 162.897003
141.660995 135.884003
164.600998 267.026001
291.717010 191.910004
347.884003 220.921997
337.950012 262.194000
395.595001 55.949001
92.503998 119.848000
549.416016 81.264000
77.481003 169.507996
134.569000 270.884003
507.023010 293.270996
552.369995 191.500000
348.751007 83.188004
163.854996 75.899002
81.772003 150.205994
503.427002 59.456001
422.161987 263.371002
346.816010 62.340000
356.824005 251.865997
224.330994 186.078995
207.335999 152.800003
548.497986 185.701004
557.674011 25.521999
70.633003 129.742004
325.053986 262.022003
102.719002 76.752998
504.511993 41.182999
375.914001 220.867004
197.526993 246.580002
263.927002 195.938004
495.760010 49.258999
365.477997 201.917999
596.783997 132.237000
313.151001 73.536003
222.322006 183.748993
158.682007 265.479004
228.492996 126.444000
305.104004 70.233002
408.635010 276.557007
316.138000 300.233002
157.386002 213.057999
434.614014 279.737000
410.621002 270.092987
188.345001 51.484001
162.850998 65.268997
409.195007 262.960999
262.296997 128.723007
187.852997 243.001007
514.122986 117.190002
259.362000 273.105011
422.355011 150.347000
216.559998 111.624001
589.963989 57.394001
362.354004 99.700996
401.096008 165.561996
146.875000 241.867996
287.945007 106.042000
362.270996 215.272995
345.272003 134.223007
214.145004 111.785004
79.452003 195.929993
553.239014 218.916000
152.065002 196.496994
608.377014 159.688995
469.904999 245.339996
107.092003 65.051003
573.133972 194.645996
391.243988 132.559006
340.967987 42.013000
147.848007 209.335007
572.005981 114.734001
266.304993 123.551003
64.569000 192.889999
373.520996 198.115997
350.384003 154.100006
169.578003 84.336998
274.524994 255.292999
258.398987 249.593994
188.880005 255.578003
535.208008 236.858002
66.286003 186.770996
324.764008 144.207993
395.743988 155.240997
340.303986 278.769989
66.275002 263.697998
475.467010 77.466003
557.976013 249.645996
274.272003 217.587997
178.145004 258.153015
74.324997 106.800003
133.117996 137.434006
339.829010 103.879997
300.276001 71.496002
527.062988 120.841003
141.800003 209.253006
46.897999 131.274002
337.773987 70.065002
180.487000 47.449001
160.755005 120.886002
559.038025 59.626999
200.195007 176.406998
355.717010 138.024994
296.028015 41.734001
197.647995 182.223007
213.772003 59.259998
329.299011 250.522995
524.997009 64.817001
277.252014 128.257004
33.255001 275.647003
564.213989 226.169006
378.036987 192.848007
276.653992 103.971001
539.367981 275.992004
513.258972 129.983994
91.730003 142.959000
354.334015 93.924004
180.643005 108.059998
405.746002 172.839996
415.921997 244.352997
324.984985 272.438995
414.039001 59.902000
163.389008 73.021004
237.960999 244.501007
420.125000 190.998993
528.138000 190.919006
228.574005 161.917999
65.639999 216.309006
486.496002 65.890999
21.705999 102.431999
378.105988 52.363998
278.161987 63.356998
201.013000 260.645996
137.412003 173.755005
78.542000 177.619003
134.966995 251.927994
422.298004 146.498993
66.976997 172.037994
425.572998 210.207993
505.282990 202.667999
457.545990 262.557007
573.929016 87.426003
145.690994 57.507000
145.263000 48.782001
294.760010 139.873001
141.966003 259.947998
350.212006 109.710999
400.584991 182.011993
231.860001 255.119003
292.799988 252.580994
578.176025 48.855999
256.243988 238.912003
469.276001 252.022003
201.753998 248.345001
130.339996 261.729004
399.437012 276.403015
261.571014 188.848007
372.058990 245.317993
160.468002 55.479000
499.946014 195.223007
406.447998 194.367996
335.264008 112.920998
492.483002 74.209999
59.824001 68.827003
201.054993 91.109001
70.320999 206.675995
37.598999 61.463001
402.925995 147.393005
160.526993 123.977997
262.792999 121.940002
519.784973 158.906998
190.591995 207.878006
468.151001 173.251007
350.997986 147.947998
155.315994 193.322006
521.213989 96.570999
504.143005 80.177002
358.807007 154.408005
549.120972 117.280998
466.911011 63.880001
512.354004 301.332001
152.145996 210.718994
190.419998 73.082001
519.702026 106.061996
380.200012 273.816986
302.373993 59.970001
512.629028 103.989998
421.102997 145.229004
503.161011 106.442001
540.666016 47.759998
330.915985 160.072998
329.875000 159.903000
260.576996 267.608002
315.815002 162.287003
191.531998 101.036003
248.313995 242.688004